A_R: 0.03476308390575934
B: 0.8823529411222136
CB: 0.7733293347328436
D: 0.15588235293159106
I_z: 1471.5096397140396
L: 4.77941176441199
T: 0.30147058821675626
TWIN: 0.0
b_R: 0.2161764705749423
c: 0.1608088235195234
c_r: 0.17161764704827054
c_t: 0.14999999999077632
m: 1008.7268469541564
rho: 1026.0
scale_factor: 68.0000000041814
tdf: 0.21
volume: 0.9831645681814392
w_p0: 0.297
x_G: 0.17636764704797847
x_p: -2.3036764704465793
x_r: -2.389705882205995
y_R: 0.0
y_p: 0.0
