A_R: 160.74449999999996
B: 60.0
CB: 0.7733293347328436
D: 10.6
I_z: 2139477261473.624
L: 325.0
T: 20.5
TWIN: false
b_R: 14.7
c_r: 11.67
c_t: 10.2
m: 317176000
rho: 1026
scale_factor: 68.0000000041814
tdf: 0.21
volume: 309138.4015594542
w_p0: 0.297
x_G: 11.993
x_p: -156.65
x_r: -162.5
y_R: 0.0
y_p: 0.0
