A_R: 0.03476308390575934
B: 0.8823529411222136
CB: 0.7733293347328436
D: 0.15588235293159106
I_z: 1431.935369
L: 4.783088235
T: 0.30147058821675626
TWIN: 0.0
b_R: 0.2161764705749423
c_r: 0.17161764704827054
c_t: 0.14999999999077632
m: 1001.443873
rho: 1000.0
scale_factor: 68
tdf: 0.21
volume: 1.001443873
#w_p0: 0.297
x_G: 0.147175625
x_p: -2.3036764704465793
x_r: -2.389705882205995
y_R: 0.0
y_p: 0.0
n_prop: 1
