A_R: 0.05676188888888889
A_XV: 1.1200000000000003
A_YV: 6.4046533
B: 1.3
CB: 0.45034232324249973
D: 0.16666666666666666
I_z: 3672.1485698677566
L: 6.886666666666668
T: 0.2833333333333332
TWIN: 1.0
b_R: 0.23933333333333334
c: 0.23716666666666666
c_r: 0.2643333333333333
c_t: 0.21
m: 1157.1836666666663
n_prop: 2.0
rho: 1013.0
rho_A: 1.2409250000000003
scale_factor: 30
tdf: 0.117
volume: 1.1423333333333332
w_p0: 0.151
x_G: -0.3294581333333334
x_fan_aft: -2.112436
x_fan_fore: 1.7684666666666669
x_p: -3.326486749598252
x_r: -3.414666666666667
y_R_port: -0.29883733333333334
y_R_stbd: 0.29883733333333334
y_fan_aft: 0.0
y_fan_fore: 0.0
y_p_port: -0.29883733333333334
y_p_stbd: 0.29883733333333334
z_p: 0.17483699999999988
