T: 0.284
L: 7.0  # This is actually Loa
B: 1.3
rho: 1025
x_G: -0.3266666666666667
m: 1155
I_z: 3386.0314842592607
volume: 1.063551724137931
CB: 0.41152752056103203
x_r: -3.3168459992407717
scale_factor: 30
TWIN: 1
D: 0.17
A_XV: 1.120  # Transverse projected area above the waterline including superstructures
A_YV: 6.037  # Longitudinal projected area above the waterline including superstructures
rho_A: 1.225 # Mass density of air [kg/m3]
n_prop: 2