A_R: 0.07777777777777778
A_XV: 1.1200000000000003
A_YV: 6.4046533
B: 1.3
CB: 0.45034232324249973
D: 0.16666666666666666
I_z: 3430.04989355463
L: 6.886666666666668
T: 0.2833333333333332
TWIN: 1.0
b_R: 0.23933333333333334
m: 1157.1836666666663
n_prop: 2.0
rho: 1013.0
rho_A: 1.2409250000000003
scale_factor: 30
tdf: 0.117
volume: 1.1423333333333332
w_p0: 0.151
x_G: -0.3294581333333334
x_p: -3.326486749598252
x_r: -3.4932213333333335
